﻿31.08.2018;31.08.2018;Gehalt/Rente;Referenz PANR97061060852S02111Verwendungszweck97061060852S02111 RV-RENTE  08.2018;Renten Service;Adrian Simonek;858,13 €;486,79 €;
31.08.2018;31.08.2018;Dauerauftrag;UNTERHALT FÜR BENEDIKT AB OKT. 2015;Adrian Simonek;HEINEN, ELKE;-355,90 €;-371,34 €;
31.08.2018;31.08.2018;Dauerauftrag;UNTERHALT + TASCHENGELD;Adrian Simonek;SONJA HEINEN;-100,00 €;-15,44 €;
   BENEDIKT HEINEN   
30.08.2018;30.08.2018;Gutschrift;Referenz NOTPROVIDEDNachzahlung fur Jahr 2017 von Dmitri Denissov;DMITRI DENISSOV;Adrian Simonek;165,20 €;84,56 €;
30.08.2018;30.08.2018;Lastschrift;Referenz 275300831576Mandat TSIM455-1-243937-75Einreicher-ID DE76KMS00000724161WINNETOU UND DAS GEHEIMNIS DER FELSENBURG;Adrian Simonek;Kalkberg GmbH Bad Segeberg;-92,50 €;-80,64 €;
30.08.2018;30.08.2018;Dauerauftrag;200100709467;Adrian Simonek;GASAG;-42,00 €;11,86 €;
29.08.2018;30.08.2018;Überweisung;Gerrit Heinen Anzahlung Fahrschule;Adrian Simonek;Henning Ewald;-350,00 €;53,86 €;
29.08.2018;29.08.2018;Dauerauftrag;REST UNTERHALT;Adrian Simonek;SIMONEK;-264,10 €;403,86 €;
27.08.2018;27.08.2018;Dauerauftrag;TASCHENGELD;Adrian Simonek;BENEDIKT HEINEN;-10,00 €;667,96 €;
